
{
    "scenario": "wireHarnessMounting",
    "fixtures": [
        {
            "number" : 1,
            "fixtureType": "small",
            "robotPoseAtFixturePosition": [
                [-0.492895197, 0.869622328, -0.028144145, 0.408575447],
                [0.870071645, 0.492753804, -0.012238123, -0.175063766],
                [0.003225590, -0.030519534, -0.999528957, 0.362623686],
                [0.000000000, 0.000000000, 0.000000000, 1.000000000]
            ]
        }, 
        {
            "number" : 2,
            "fixtureType": "large",
            "robotPoseAtFixturePosition": [
                [-0.019401697, 0.999401085, -0.028316205, 0.438933705],
                [0.999797046, 0.019484235, 0.002641844, -0.009114960],
                [0.003191982, -0.028259202, -0.999595525, 0.384428166],
                [0.000000000, 0.000000000, 0.000000000, 1.000000000]
            ]
        }, 
        {
            "number" : 3,
            "fixtureType": "medium",
            "robotPoseAtFixturePosition": [
                [0.856366191, -0.514179182, 0.047302286, 0.497209520],
                [-0.513643630, -0.857662584, -0.023788045, 0.039090710],
                [0.052800718, -0.003925240, -0.998597328, 0.364534436],
                [0.000000000, 0.000000000, 0.000000000, 1.000000000]
            ]
        }, 
        {
            "number" : 4,
            "fixtureType": "small",
            "robotPoseAtFixturePosition": [
                [0.901667558, -0.430511891, 0.040446329, 0.298881184],
                [-0.429891303, -0.902566592, -0.023404530, 0.143397539],
                [0.046581434, 0.003715580, -0.998907565, 0.359582335],
                [0.000000000, 0.000000000, 0.000000000, 1.000000000]
            ]
        }, 
        {
            "number" : 5,
            "fixtureType": "medium",
            "robotPoseAtFixturePosition": [
                [0.988738521, 0.148743728, 0.015880587, 0.576279192],
                [0.149099965, -0.988514240, -0.024280775, 0.176797126],
                [0.012086573, 0.026375132, -0.999579037, 0.362638026],
                [0.000000000, 0.000000000, 0.000000000, 1.000000000]
            ]
        }, 
        {
            "number" : 6,
            "fixtureType": "large",
            "robotPoseAtFixturePosition": [
                [0.090728339, 0.995714736, -0.017357597, 0.440200581],
                [0.995819077, -0.090879497, -0.008125912, 0.284072331],
                [-0.009668540, -0.016547776, -0.999816325, 0.380293979],
                [0.000000000, 0.000000000, 0.000000000, 1.000000000]
            ]
        }, 
        {
            "number" : 7,
            "fixtureType": "small",
            "robotPoseAtFixturePosition": [
                [0.612351703, 0.790555606, -0.005289034, 0.577299014],
                [0.788977310, -0.611526708, -0.059419732, 0.406512971],
                [-0.050208988, 0.032212846, -0.998219075, 0.360006484],
                [0.000000000, 0.000000000, 0.000000000, 1.000000000]
            ]
        }, 
        {
            "number" : 8,
            "fixtureType": "medium",
            "robotPoseAtFixturePosition": [
                [-0.453540478, 0.891219317, 0.003148153, 0.318666566],
                [0.890591960, 0.453348662, -0.036079395, 0.423552933],
                [-0.033581865, -0.013559746, -0.999343968, 0.366346801],
                [0.000000000, 0.000000000, 0.000000000, 1.000000000]
            ]
        }
    ]
}